
5 5 7 2 5
0 3 6 2 9
6 6 0 0 5
0 8 8 8 9
9 9 8 1 6


1 8 1 4 4
5 7 0 8 7
9 3 0 2 2
7 1 2 3 8
4 1 3 6 5


8 3 8 5 6
8 4 3 0 8
1 8 7 6 7
1 3 0 4 2
1 3 6 2 8


9 8 2 1 7
9 2 9 5 6
8 0 5 0 1
3 1 9 9 3
9 1 1 9 3


1 4 8 7 3
5 1 0 2 6
3 8 8 8 2
8 5 3 7 9
1 0 3 5 4


3 5 8 0 3
6 1 0 6 0
7 1 4 1 6
8 3 7 8 8
6 8 1 5 8


8 3 9 5 0
3 2 1 6 7
6 7 4 3 5
3 0 8 2 3
9 3 6 1 8


8 1 8 0 4
8 5 1 5 3
9 6 4 9 3
5 6 3 9 3
9 8 8 8 7


3 6 9 9 8
4 8 3 3 8
3 5 0 7 9
9 9 9 1 1
3 3 9 9 3


7 4 0 9 9
2 2 0 4 9
8 4 1 0 3
2 0 1 9 5
8 3 7 4 4

